-----
27 1 0 0 
11 14 3 0 
17 11 0 0 
0 1 2 25 
-----
12 16 0 0 
0 27 1 0 
0 28 0 0 
0 0 0 28 
-----
27 1 0 0 
2 26 0 0 
4 15 4 5 
0 0 0 28 
-----
10 0 0 18 
0 9 13 6 
0 2 14 12 
0 2 2 24 
-----
28 0 0 0 
0 9 10 9 
3 12 12 1 
0 0 0 28 
-----
17 11 0 0 
0 14 1 13 
1 16 4 7 
0 0 0 28 
-----
27 1 0 0 
0 25 2 1 
0 13 1 14 
0 0 3 25 
-----
23 0 5 0 
0 0 19 9 
0 0 23 5 
0 0 4 24 
-----
25 0 3 0 
0 0 22 6 
0 0 22 6 
0 0 0 28 
-----
21 0 6 1 
0 0 28 0 
0 0 28 0 
0 0 0 28 
-----
22 6 0 0 
0 28 0 0 
0 28 0 0 
3 0 1 24 
-----
15 0 13 0 
0 15 13 0 
0 8 20 0 
0 0 0 28 
-----
26 2 0 0 
0 28 0 0 
0 14 14 0 
0 0 0 28 
-----
11 17 0 0 
0 28 0 0 
0 28 0 0 
0 0 0 28 
-----
10 14 4 0 
0 28 0 0 
0 27 0 1 
0 0 0 28 
-----
28 0 0 0 
0 21 7 0 
0 14 14 0 
0 0 0 28 
-----
27 1 0 0 
0 13 15 0 
0 14 14 0 
0 1 0 27 
-----
19 1 8 0 
0 28 0 0 
0 6 22 0 
0 4 2 22 
-----
28 0 0 0 
0 28 0 0 
0 28 0 0 
0 0 0 28 
-----
28 0 0 0 
0 0 28 0 
0 0 28 0 
0 0 1 27 
-----
28 0 0 0 
0 26 2 0 
4 8 16 0 
0 0 0 28 
-----
28 0 0 0 
1 26 1 0 
21 7 0 0 
0 28 0 0 
-----
28 0 0 0 
22 6 0 0 
28 0 0 0 
0 1 0 27 
-----
20 0 8 0 
0 15 10 3 
0 11 13 4 
0 1 1 26 
-----
17 11 0 0 
0 28 0 0 
1 27 0 0 
0 0 0 28 
-----
25 0 3 0 
0 20 8 0 
0 12 7 9 
0 0 0 28 
-----
9 10 0 9 
0 28 0 0 
0 28 0 0 
0 1 0 27 
-----
28 0 0 0 
10 2 5 11 
22 3 3 0 
0 0 0 28 
-----
12 14 2 0 
0 28 0 0 
0 28 0 0 
0 17 0 11 
-----
28 0 0 0 
0 28 0 0 
8 19 1 0 
0 0 1 27 
-----
24 0 4 0 
6 16 0 6 
0 9 19 0 
0 0 14 14 
-----
21 0 7 0 
0 28 0 0 
0 24 4 0 
0 0 0 28 
-----
12 0 16 0 
0 0 28 0 
0 0 28 0 
0 0 4 24 
-----
21 4 1 2 
23 2 1 2 
4 14 1 9 
0 0 0 28 
-----
21 0 7 0 
17 0 11 0 
25 0 3 0 
0 0 0 28 
-----
27 0 1 0 
0 13 15 0 
0 0 28 0 
0 0 2 26 
-----
11 14 0 3 
0 28 0 0 
0 28 0 0 
0 1 0 27 
-----
10 3 15 0 
0 28 0 0 
0 11 17 0 
0 0 0 28 
-----
26 0 2 0 
0 25 3 0 
0 14 14 0 
0 0 0 28 
-----
28 0 0 0 
2 20 6 0 
11 6 11 0 
0 0 0 28 
-----
16 0 12 0 
0 0 28 0 
0 0 28 0 
0 0 3 25 
-----
27 0 1 0 
0 28 0 0 
0 28 0 0 
0 0 0 28 
-----
28 0 0 0 
2 10 16 0 
0 0 28 0 
0 0 0 28 
-----
18 0 10 0 
0 19 6 3 
0 14 14 0 
0 0 0 28 
-----
28 0 0 0 
9 3 16 0 
14 4 10 0 
0 0 28 0 
-----
27 0 1 0 
0 15 13 0 
0 9 19 0 
0 0 0 28 
