Node20 7 10 17
Node41 9 16 14
Node43 20 41 12
Node48 43 2 14
Node111 48 1 17
Output 111


Node25 4 1 17
Node26 10 5 12
Node38 26 25 12
Node72 3 12 15
Node93 4 7 17
Node157 93 9 12
Node166 72 38 17
Node172 157 166 12
Output 172


Node30 7 8 10
Node43 30 14 16
Node120 43 1 11
Node148 120 8 17
Output 148


Node23 16 14 16
Node29 23 14 11
Node31 12 7 10
Node48 14 1 10
Node65 31 16 17
Node87 48 29 12
Node240 7 65 11
Node392 240 87 16
Output 392


Node25 3 14 15
Node30 15 6 10
Node39 10 18 17
Node79 7 1 12
Node80 25 39 17
Node81 16 79 10
Node137 80 30 16
Node193 137 81 12
Output 193


