Node19 16 16 10
Node21 9 4 16
Node22 14 3 11
Node23 22 2 14
Node24 4 1 11
Node26 24 4 17
Node28 7 1 11
Node29 17 23 17
Node32 3 19 10
Node34 28 0 10
Node35 32 21 10
Node36 29 4 14
Node37 0 16 10
Node38 21 7 16
Node39 28 35 15
Node40 29 29 11
Node42 13 34 14
Node44 26 37 16
Node45 15 35 17
Node50 39 10 10
Node53 42 0 12
Node54 53 40 15
Node55 45 6 11
Node59 36 55 14
Node64 50 21 12
Node80 32 44 11
Node81 64 38 16
Node86 80 59 14
Node92 54 86 11
Node100 92 81 17
Node102 100 14 14
Node109 26 102 16
Output 109

