-----
14 14 0 0 
0 28 0 0 
0 28 0 0 
0 0 0 28 
-----
1 0 27 0 
0 18 10 0 
0 0 28 0 
0 0 0 28 
-----
3 25 0 0 
0 27 1 0 
0 15 12 1 
0 0 0 28 
-----
27 1 0 0 
21 7 0 0 
28 0 0 0 
3 0 0 25 
-----
11 17 0 0 
0 28 0 0 
0 28 0 0 
0 0 0 28 
-----
26 0 2 0 
0 0 25 3 
10 0 18 0 
0 0 0 28 
-----
17 0 11 0 
0 21 7 0 
7 11 10 0 
0 5 0 23 
-----
14 14 0 0 
0 28 0 0 
0 28 0 0 
1 0 0 27 
-----
16 0 12 0 
2 2 24 0 
0 4 24 0 
0 3 7 18 
-----
14 3 11 0 
0 23 5 0 
1 13 14 0 
0 0 0 28 
-----
15 9 4 0 
0 11 17 0 
0 0 28 0 
0 0 0 28 
-----
14 14 0 0 
0 28 0 0 
0 10 16 2 
0 0 0 28 
-----
23 2 3 0 
0 6 22 0 
0 6 22 0 
0 0 0 28 
-----
23 0 5 0 
1 21 6 0 
0 12 16 0 
0 0 0 28 
-----
11 17 0 0 
0 28 0 0 
0 28 0 0 
0 17 0 11 
-----
27 1 0 0 
0 24 0 4 
0 18 8 2 
0 0 0 28 
-----
6 0 22 0 
0 0 28 0 
0 0 28 0 
0 0 0 28 
-----
19 0 9 0 
0 20 8 0 
0 3 24 1 
0 0 3 25 
-----
12 16 0 0 
0 28 0 0 
0 28 0 0 
0 0 0 28 
-----
23 1 4 0 
0 26 0 2 
0 13 7 8 
0 0 0 28 
-----
12 2 0 14 
0 20 7 1 
0 12 12 4 
0 6 0 22 
-----
26 0 2 0 
5 1 17 5 
6 9 11 2 
0 0 3 25 
-----
13 15 0 0 
0 8 2 18 
0 13 1 14 
0 0 0 28 
-----
28 0 0 0 
0 28 0 0 
0 28 0 0 
0 0 0 28 
-----
24 0 4 0 
0 1 26 1 
0 1 27 0 
0 1 4 23 
-----
28 0 0 0 
23 1 3 1 
18 2 7 1 
0 0 0 28 
-----
12 0 14 2 
0 0 28 0 
0 0 28 0 
0 0 2 26 
-----
20 8 0 0 
0 28 0 0 
0 28 0 0 
0 2 0 26 
-----
15 9 4 0 
0 22 6 0 
0 18 10 0 
0 0 0 28 
-----
28 0 0 0 
0 28 0 0 
0 16 12 0 
0 0 0 28 
-----
21 7 0 0 
0 28 0 0 
0 28 0 0 
0 2 0 26 
-----
10 1 17 0 
1 23 4 0 
2 16 10 0 
0 0 0 28 
-----
28 0 0 0 
1 12 15 0 
0 14 14 0 
0 0 0 28 
-----
27 0 0 1 
8 15 4 1 
1 14 13 0 
0 0 0 28 
-----
17 1 10 0 
0 0 28 0 
0 0 28 0 
0 0 5 23 
-----
27 0 1 0 
0 4 24 0 
0 0 28 0 
0 0 0 28 
-----
28 0 0 0 
0 25 2 1 
0 24 4 0 
0 0 0 28 
-----
22 6 0 0 
0 10 16 2 
0 0 28 0 
0 0 0 28 
-----
24 2 0 2 
0 15 0 13 
1 2 2 23 
0 25 0 3 
-----
27 0 1 0 
0 21 7 0 
0 14 14 0 
0 0 0 28 
-----
27 1 0 0 
1 10 17 0 
0 0 28 0 
0 0 0 28 
-----
11 0 17 0 
0 0 28 0 
0 0 26 2 
0 0 0 28 
-----
4 20 4 0 
0 7 21 0 
0 0 28 0 
0 0 0 28 
-----
28 0 0 0 
12 16 0 0 
17 10 0 1 
0 1 0 27 
-----
18 8 2 0 
0 22 6 0 
0 6 22 0 
0 0 0 28 
-----
28 0 0 0 
17 11 0 0 
28 0 0 0 
0 0 0 28 
-----
11 16 1 0 
0 28 0 0 
7 14 7 0 
0 8 0 20 
-----
13 15 0 0 
0 28 0 0 
0 18 10 0 
0 0 0 28 
-----
10 0 17 1 
0 6 20 2 
0 2 22 4 
0 0 0 28 
-----
19 1 8 0 
0 16 11 1 
0 10 18 0 
0 0 0 28 
-----
16 4 8 0 
0 27 1 0 
0 14 14 0 
0 0 0 28 
-----
15 9 4 0 
0 28 0 0 
0 21 7 0 
0 1 0 27 
-----
23 3 2 0 
0 28 0 0 
1 26 1 0 
0 4 0 24 
-----
19 6 3 0 
3 18 7 0 
0 0 28 0 
0 0 0 28 
-----
10 1 17 0 
28 0 0 0 
10 0 18 0 
6 0 0 22 
-----
28 0 0 0 
0 28 0 0 
0 14 14 0 
0 5 0 23 
-----
5 0 23 0 
0 0 28 0 
0 0 28 0 
0 0 0 28 
-----
20 5 3 0 
0 26 2 0 
0 7 21 0 
0 0 25 3 
-----
12 15 1 0 
0 28 0 0 
0 27 1 0 
0 0 0 28 
-----
24 2 2 0 
0 27 1 0 
0 11 16 1 
0 0 1 27 
-----
0 0 0 28 
0 24 0 4 
6 15 0 7 
1 5 0 22 
-----
26 0 2 0 
0 4 21 3 
0 0 28 0 
0 0 0 28 
-----
13 10 5 0 
0 2 6 20 
0 10 4 14 
0 0 0 28 
-----
27 0 1 0 
0 22 6 0 
0 14 14 0 
0 0 14 14 
-----
24 0 0 4 
0 3 0 25 
0 9 0 19 
0 0 0 28 
-----
28 0 0 0 
28 0 0 0 
28 0 0 0 
0 0 0 28 
-----
28 0 0 0 
0 15 13 0 
4 2 22 0 
0 0 0 28 
-----
28 0 0 0 
28 0 0 0 
28 0 0 0 
1 0 0 27 
-----
15 0 13 0 
0 0 28 0 
0 0 28 0 
0 0 0 28 
-----
26 0 2 0 
0 9 19 0 
0 3 25 0 
0 0 0 28 
-----
26 2 0 0 
0 28 0 0 
0 28 0 0 
0 1 1 26 
-----
13 15 0 0 
0 28 0 0 
0 27 1 0 
0 0 0 28 
-----
28 0 0 0 
1 17 10 0 
2 12 14 0 
0 0 0 28 
-----
26 0 2 0 
0 1 27 0 
0 0 28 0 
0 3 0 25 
-----
28 0 0 0 
0 23 5 0 
0 3 25 0 
0 0 5 23 
-----
27 0 1 0 
0 15 13 0 
0 5 23 0 
0 0 0 28 
-----
28 0 0 0 
0 26 2 0 
3 12 13 0 
0 0 0 28 
-----
25 0 3 0 
0 6 22 0 
1 0 27 0 
0 0 1 27 
-----
27 0 0 1 
0 10 3 15 
0 6 1 21 
0 19 6 3 
-----
27 0 1 0 
0 20 8 0 
0 14 14 0 
0 1 0 27 
-----
13 0 15 0 
0 9 19 0 
0 4 24 0 
0 0 0 28 
-----
28 0 0 0 
28 0 0 0 
28 0 0 0 
2 0 0 26 
-----
4 24 0 0 
0 22 1 5 
0 12 2 14 
0 0 0 28 
-----
28 0 0 0 
27 1 0 0 
28 0 0 0 
28 0 0 0 
-----
16 12 0 0 
0 28 0 0 
0 19 9 0 
0 0 3 25 
-----
27 0 1 0 
24 0 4 0 
14 0 14 0 
0 0 0 28 
-----
13 5 10 0 
0 24 4 0 
7 13 8 0 
2 0 0 26 
-----
10 14 0 4 
0 28 0 0 
0 28 0 0 
0 0 0 28 
-----
25 1 1 1 
19 1 4 4 
2 3 3 20 
0 2 0 26 
-----
20 8 0 0 
0 25 0 3 
0 25 2 1 
0 1 0 27 
-----
20 3 5 0 
0 27 1 0 
0 3 25 0 
0 0 0 28 
-----
15 13 0 0 
0 28 0 0 
0 4 24 0 
0 0 0 28 
-----
26 1 1 0 
0 11 17 0 
0 12 16 0 
0 1 0 27 
-----
28 0 0 0 
0 27 1 0 
1 11 13 3 
0 0 0 28 
-----
27 1 0 0 
28 0 0 0 
28 0 0 0 
19 1 0 8 
-----
27 1 0 0 
0 25 3 0 
0 20 8 0 
0 1 0 27 
-----
6 0 22 0 
2 5 17 4 
0 0 23 5 
0 0 1 27 
-----
25 0 3 0 
12 9 4 3 
14 3 7 4 
0 0 13 15 
-----
26 0 2 0 
0 19 9 0 
0 12 16 0 
0 0 0 28 
-----
23 0 5 0 
0 19 9 0 
0 13 15 0 
0 2 0 26 
-----
18 6 0 4 
0 23 1 4 
0 27 0 1 
1 0 0 27 
-----
27 0 1 0 
0 0 18 10 
10 0 18 0 
0 0 2 26 
-----
13 15 0 0 
0 7 0 21 
0 14 0 14 
0 0 0 28 
-----
27 0 1 0 
0 16 12 0 
0 13 15 0 
0 0 0 28 
-----
23 0 0 5 
0 8 0 20 
0 7 12 9 
0 4 3 21 
-----
26 1 1 0 
0 28 0 0 
0 26 2 0 
0 0 0 28 
-----
23 5 0 0 
0 28 0 0 
0 26 0 2 
0 0 0 28 
-----
28 0 0 0 
28 0 0 0 
27 0 0 1 
0 1 0 27 
-----
15 8 5 0 
0 24 4 0 
0 21 7 0 
0 0 0 28 
-----
28 0 0 0 
0 28 0 0 
0 14 14 0 
0 0 0 28 
-----
11 17 0 0 
0 28 0 0 
0 28 0 0 
0 0 0 28 
-----
16 11 1 0 
0 28 0 0 
0 21 7 0 
0 0 1 27 
-----
28 0 0 0 
0 28 0 0 
8 14 6 0 
0 0 0 28 
-----
26 2 0 0 
0 11 6 11 
0 11 15 2 
0 0 0 28 
-----
22 0 6 0 
0 22 6 0 
0 5 23 0 
0 0 1 27 
-----
28 0 0 0 
0 0 28 0 
0 0 28 0 
0 0 0 28 
-----
28 0 0 0 
0 13 1 14 
0 14 0 14 
0 0 0 28 
-----
18 7 3 0 
0 14 14 0 
0 20 8 0 
0 0 0 28 
-----
3 0 0 25 
0 0 1 27 
0 0 0 28 
0 6 15 7 
-----
27 1 0 0 
0 0 28 0 
0 3 25 0 
0 0 0 28 
-----
15 13 0 0 
0 28 0 0 
0 28 0 0 
0 0 0 28 
-----
23 0 5 0 
2 3 22 1 
0 4 23 1 
0 0 0 28 
-----
26 0 2 0 
0 22 6 0 
0 14 14 0 
0 2 0 26 
-----
28 0 0 0 
26 1 1 0 
11 0 17 0 
0 0 3 25 
-----
18 10 0 0 
0 28 0 0 
0 11 17 0 
0 0 0 28 
-----
26 1 1 0 
26 0 2 0 
10 1 17 0 
0 0 0 28 
-----
10 18 0 0 
0 28 0 0 
7 15 6 0 
0 0 0 28 
-----
14 14 0 0 
0 28 0 0 
0 26 2 0 
0 0 0 28 
-----
16 4 8 0 
3 7 18 0 
14 5 2 7 
0 0 2 26 
-----
15 12 0 1 
0 28 0 0 
0 19 9 0 
0 1 1 26 
-----
20 0 8 0 
0 22 6 0 
0 0 28 0 
0 0 0 28 
-----
23 3 2 0 
0 28 0 0 
0 15 13 0 
0 0 0 28 
-----
27 0 0 1 
0 4 0 24 
7 6 6 9 
0 1 0 27 
-----
24 0 4 0 
0 0 28 0 
0 0 28 0 
0 0 0 28 
-----
11 0 17 0 
0 19 9 0 
0 3 25 0 
0 2 26 0 
-----
28 0 0 0 
0 28 0 0 
8 19 0 1 
0 0 0 28 
-----
27 0 1 0 
14 0 14 0 
12 0 16 0 
0 0 0 28 
-----
26 1 1 0 
5 21 2 0 
3 9 16 0 
0 0 6 22 
-----
18 10 0 0 
0 24 4 0 
0 22 6 0 
0 0 1 27 
-----
21 0 6 1 
0 12 16 0 
0 0 28 0 
0 0 0 28 
-----
5 1 1 21 
0 27 0 1 
0 22 1 5 
0 21 0 7 
-----
25 0 3 0 
0 6 12 10 
2 12 10 4 
0 0 0 28 
-----
18 1 9 0 
3 22 1 2 
1 13 13 1 
0 0 0 28 
-----
27 1 0 0 
3 19 6 0 
0 24 4 0 
0 0 0 28 
-----
23 0 5 0 
0 0 28 0 
0 0 28 0 
0 0 2 26 
-----
24 0 4 0 
0 0 28 0 
0 0 28 0 
0 0 1 27 
-----
14 1 13 0 
0 8 20 0 
0 0 28 0 
0 0 0 28 
-----
13 0 15 0 
0 2 26 0 
0 0 28 0 
0 1 1 26 
-----
14 14 0 0 
0 28 0 0 
0 28 0 0 
0 1 1 26 
-----
27 0 1 0 
0 16 12 0 
0 5 23 0 
0 0 0 28 
-----
11 6 11 0 
0 28 0 0 
0 24 4 0 
0 2 0 26 
-----
9 3 16 0 
0 16 12 0 
0 12 16 0 
0 0 0 28 
-----
28 0 0 0 
0 28 0 0 
14 14 0 0 
0 0 0 28 
-----
27 0 1 0 
0 10 18 0 
4 6 18 0 
0 4 0 24 
-----
18 0 10 0 
0 26 2 0 
0 3 25 0 
0 0 5 23 
-----
28 0 0 0 
17 2 9 0 
14 0 14 0 
0 0 0 28 
-----
28 0 0 0 
1 9 18 0 
0 0 28 0 
0 0 0 28 
-----
28 0 0 0 
0 14 14 0 
0 1 27 0 
0 0 0 28 
-----
16 0 3 9 
0 13 3 12 
0 1 1 26 
0 28 0 0 
