Node10 3 2 10
Node11 1 9 12
Node12 8 3 16
Node13 4 3 16
Node14 9 13 17
Node15 5 13 17
Node16 14 11 11
Node17 14 12 10
Node18 4 14 16
Node19 14 16 14
Node20 14 2 15
Node21 8 16 12
Node22 18 15 17
Node24 12 5 14
Node25 19 6 17
Node26 11 24 16
Node27 22 17 11
Node28 20 7 12
Node30 21 25 15
Node32 15 7 11
Node36 30 26 12
Node37 36 27 12
Node38 28 37 16
Node59 38 32 10
Node60 59 10 12
Node77 60 26 17
Output 77


Node10 2 8 11
Node13 4 8 11
Node14 8 3 10
Node15 5 13 17
Node18 4 14 17
Node19 15 18 17
Node21 7 9 17
Node22 4 10 15
Node26 19 21 12
Node27 6 22 10
Node38 26 27 17
Output 38


Node10 9 7 12
Node11 2 3 12
Node12 9 6 17
Node13 11 0 17
Node14 10 8 16
Node15 4 12 16
Node16 11 4 16
Node17 8 14 12
Node18 16 7 10
Node19 3 15 15
Node20 6 2 16
Node21 3 4 12
Node22 9 21 15
Node23 17 5 12
Node24 5 8 10
Node25 13 7 10
Node28 5 20 17
Node29 13 22 12
Node30 5 18 17
Node31 5 12 12
Node32 29 24 17
Node33 28 9 17
Node34 4 4 15
Node36 23 20 15
Node37 31 15 16
Node38 11 19 11
Node41 20 37 12
Node42 17 41 10
Node43 30 38 12
Node44 0 32 11
Node45 44 6 15
Node47 20 34 17
Node48 14 16 12
Node49 30 47 15
Node51 25 22 11
Node52 49 51 17
Node54 36 6 16
Node55 54 44 12
Node58 43 33 15
Node59 42 52 16
Node68 59 7 15
Node72 58 55 16
Node75 44 48 15
Node79 75 68 15
Node94 45 51 17
Node95 72 79 17
Node104 94 95 10
Output 104


Node10 7 6 14
Node11 4 8 14
Node13 6 11 11
Node14 13 3 17
Node15 8 11 12
Node16 9 5 11
Node17 2 5 11
Node18 9 8 11
Node19 3 6 11
Node20 10 9 12
Node21 14 18 15
Node22 15 10 16
Node23 7 21 12
Node24 4 5 10
Node27 2 5 16
Node28 23 22 16
Node29 17 7 12
Node31 13 7 15
Node32 16 28 12
Node34 32 19 10
Node35 32 27 17
Node36 35 34 16
Node38 20 35 17
Node41 6 22 16
Node42 24 29 17
Node43 10 41 12
Node50 38 27 11
Node51 36 8 15
Node53 43 51 11
Node54 31 42 11
Node59 50 54 17
Node86 53 59 17
Output 86


Node10 8 7 17
Node11 4 9 17
Node12 5 6 11
Node13 0 5 12
Node14 8 5 11
Node15 9 2 10
Node16 10 4 17
Node17 4 6 10
Node18 10 14 10
Node19 13 18 16
Node20 12 19 12
Node21 20 11 17
Node24 17 3 17
Node32 21 6 12
Node33 18 32 12
Node34 24 33 12
Node35 3 19 12
Node38 8 20 12
Node39 33 15 12
Node42 35 38 16
Node43 16 15 12
Node45 43 11 11
Node47 42 38 17
Node48 39 47 11
Node49 34 38 11
Node59 48 45 11
Node79 5 59 17
Node87 49 79 12
Output 87


