Node21 0 11 14
Node37 18 13 10
Node40 15 12 14
Node54 37 40 15
Node89 2 18 15
Node191 21 89 16
Node199 191 54 16
Output 199


Node22 4 7 16
Node27 16 11 12
Node39 10 16 11
Node48 15 39 12
Node49 6 17 15
Node57 27 22 11
Node72 57 7 15
Node149 49 72 14
Node238 149 48 11
Output 238


Node55 4 17 11
Node73 13 3 11
Node108 15 73 14
Node195 55 108 10
Output 195


Node35 20 15 12
Node37 14 13 11
Node47 19 35 15
Node66 47 37 12
Node78 47 66 14
Output 78


Node21 5 14 15
Node36 10 7 14
Node38 12 15 16
Node46 21 6 14
Node53 38 36 12
Node62 53 46 12
Output 62


