Node21 2 11 14
Node24 11 15 17
Node27 17 17 10
Node28 3 8 14
Node29 14 27 16
Node40 27 12 10
Node42 6 29 15
Node48 24 40 11
Node73 21 28 11
Node81 42 15 15
Node113 73 48 12
Node123 20 8 15
Node158 113 5 14
Node165 2 81 12
Node204 165 158 17
Node398 204 123 15
Output 398


Node22 14 15 17
Node29 13 15 12
Node30 10 19 11
Node34 0 22 12
Node41 19 9 10
Node44 16 13 14
Node50 17 19 16
Node56 29 7 14
Node58 15 44 16
Node64 8 19 17
Node82 11 41 17
Node85 82 30 17
Node111 64 85 17
Node175 111 58 14
Node283 34 56 14
Node297 175 283 10
Node336 50 297 17
Output 336


Node21 18 16 12
Node27 9 4 14
Node29 8 14 12
Node31 29 11 16
Node43 19 9 17
Node45 0 21 14
Node71 3 45 11
Node91 31 27 14
Node92 21 91 16
Node130 19 92 12
Node137 43 15 11
Node164 137 71 15
Node455 164 130 17
Output 455


Node22 8 20 14
Node23 22 11 17
Node56 0 14 12
Node118 15 56 10
Node205 23 118 12
Output 205


Node22 15 5 17
Node24 8 6 12
Node26 22 5 17
Node27 24 14 12
Node31 20 4 10
Node55 26 27 15
Node347 31 11 10
Node508 55 347 17
Output 508


