Node30 7 3 15
Node33 8 30 17
Node40 9 12 11
Node50 30 40 14
Node66 10 20 12
Node116 33 50 10
Node165 66 116 15
Node192 4 3 15
Node213 66 165 11
Node326 213 192 15
Output 326


Node31 12 4 16
Node44 10 4 10
Node67 0 44 12
Node76 3 67 14
Node117 31 76 16
Output 117


Node22 3 4 15
Node36 14 18 11
Node52 13 36 12
Node59 52 7 17
Node60 59 9 15
Node76 60 20 14
Node106 22 0 14
Node310 106 76 11
Output 310


Node23 15 3 16
Node34 10 23 17
Node54 4 34 12
Output 54


Node21 4 19 17
Node29 0 8 11
Node30 6 21 11
Node38 3 30 15
Node54 18 38 15
Node74 8 29 11
Node106 54 74 10
Output 106


