Node21 9 13 16
Node22 21 4 16
Node28 5 15 12
Node31 3 12 15
Node32 3 31 12
Node33 28 3 12
Node37 9 5 12
Node40 17 0 10
Node41 5 32 11
Node44 41 28 16
Node47 37 11 12
Node50 40 12 14
Node62 50 12 12
Node65 44 47 11
Node70 50 65 12
Node96 5 62 12
Node105 19 22 15
Node118 4 33 11
Node137 13 118 15
Node183 7 137 17
Node228 105 70 15
Node234 96 40 15
Node283 183 234 16
Node394 228 283 14
Node447 12 394 11
Output 447


Node21 4 12 17
Node32 21 15 11
Output 32


Node23 2 10 10
Node25 2 16 17
Node28 23 13 14
Node30 16 3 16
Node34 25 17 16
Node39 28 30 16
Node43 10 34 17
Node64 15 25 12
Node138 39 43 16
Node222 64 138 12
Output 222


Node46 16 10 16
Node136 46 15 11
Output 136


Node35 12 15 12
Node44 20 20 14
Node101 44 35 11
Output 101


