Node28 14 5 12
Node32 16 2 14
Node36 17 2 15
Node40 3 4 14
Node43 8 16 11
Node46 14 6 12
Node51 28 40 15
Node61 46 6 15
Node64 51 6 10
Node69 0 51 12
Node75 2 61 10
Node102 75 43 15
Node147 102 32 15
Node221 147 36 16
Node222 64 221 12
Node355 222 69 17
Output 355


Node21 17 1 10
Node34 0 21 14
Node48 19 17 16
Node132 48 34 16
Node151 132 16 12
Output 151


Node32 19 16 14
Node34 32 13 12
Node35 5 18 17
Node44 13 0 10
Node70 44 35 17
Node72 70 16 14
Node100 72 34 14
Output 100


Node56 0 5 17
Node93 56 18 10
Output 93


Node23 5 11 16
Node60 23 0 16
Output 60


