Node25 10 20 16
Node28 25 25 17
Node38 16 10 17
Node49 25 7 16
Node61 28 14 17
Node64 61 18 11
Node65 38 17 15
Node87 64 49 16
Node113 87 65 14
Node137 113 20 12
Node166 137 49 11
Output 166


Node24 3 7 12
Node26 24 7 16
Node36 26 6 15
Node41 36 8 17
Node102 16 36 11
Node156 41 3 11
Node174 102 156 12
Node232 174 12 14
Output 232


Node37 10 7 12
Node42 37 13 14
Node47 42 12 10
Node102 42 47 16
Output 102


Node21 9 7 17
Node37 10 19 11
Node40 0 10 11
Node50 37 5 12
Node295 40 21 15
Node499 295 50 14
Output 499


Node21 16 14 12
Node23 21 13 14
Node31 1 23 10
Node32 10 3 14
Node43 23 31 10
Node205 7 43 14
Node398 32 205 12
Output 398


