Node24 18 9 10
Node26 12 24 15
Node30 8 10 15
Node31 9 3 12
Node35 15 31 10
Node43 20 30 17
Node46 16 43 17
Node54 46 26 12
Node59 54 10 10
Node128 14 59 16
Node278 35 128 11
Output 278


Node34 9 6 17
Node36 15 34 14
Node46 14 36 15
Output 46


Node22 10 20 10
Node24 22 7 11
Node36 14 11 10
Node37 3 10 11
Node51 37 24 15
Node74 36 51 16
Node193 74 24 17
Output 193


Node32 20 16 16
Node37 32 32 10
Node82 15 37 14
Node140 14 82 15
Output 140


Node23 12 3 15
Node24 14 11 15
Node34 5 11 14
Node44 17 24 11
Node84 34 44 10
Node113 84 23 12
Node419 4 113 15
Output 419


