6 3 310
0.35571 0.519829 0.229193 0.250879 0.307452 0.0251629 0 0 1
0.124518 0.296713 0.0986218 0.144642 0.476718 0.0363594 0 0 1
0.411651 0.513934 0.322982 0.307607 0.386171 0.0175279 0 0 1
0.416184 0.557342 0.271255 0.289376 0.341865 0.0518389 0 0 1
0.227238 0.289389 0.128155 0.246992 0.409614 0.0441806 0 0 1
0.135995 0.365666 0.0995167 0.119933 0.647919 0.0309358 0 0 1
0.263117 0.400322 0.207356 0.22395 0.542962 0.0396881 0 0 1
0.185378 0.309218 0.134598 0.196557 0.507474 0.000884544 0 0 1
0.170139 0.3587 0.256757 0.156302 0.590601 0.0566806 0 0 1
0.101659 0.206502 0.250134 0.169443 0.152274 0.0272812 0 0 1
0.227238 0.349946 0.155092 0.215621 0.414776 0.00751862 0 0 1
0.0489969 0.433548 0.013424 0.00138812 0.537477 0.0269088 0 0 1
0.219618 0.473562 0.23501 0.144179 0.529519 0.0444367 0 0 1
0.264468 0.482494 0.170933 0.182676 0.439725 0.0421322 0 0 1
0.300444 0.549125 0.295328 0.182676 0.502527 0.039176 0 0 1
0.175251 0.341015 0.197781 0.170368 0.581138 0.0383613 0 0 1
0.363426 0.480707 0.362896 0.278549 0.454135 0.0243017 0 0 1
0.0494792 0.173098 0.1661 0.136591 0.633724 0.0341713 0 0 1
0.121046 0.357092 0.152139 0.109939 0.570814 0.0290736 0 0 1
0.15027 0.335834 0.144263 0.149084 0.500161 0.0228585 0 0 1
0.171393 0.370311 0.213263 0.15149 0.692333 0.0407588 0 0 1
0.277488 0.493212 0.252372 0.189617 0.592859 0.0314013 0 0 1
0.356096 0.553055 0.357974 0.234037 0.390795 0.0624767 0 0 1
0.187018 0.350482 0.145874 0.176754 0.515109 0.0141294 0 0 1
0.0962577 0.52358 0.13424 0 0.4893 0.018203 0 0 1
0.269772 0.593069 0.19089 0.130483 0.552425 0.0293994 0 0 1
0 0.309218 0 0.0186933 0.592752 0.00225791 0 0 1
0.168113 0.411933 0.295328 0.126781 0.421443 0.0466713 0 0 1
0.177469 0.508753 0.114462 0.0856006 0.4408 0.0319134 0 0 1
0.392843 0.561629 0.315733 0.264853 0.466717 0.0210661 0 0 1
0.237944 0.392104 0.255325 0.204053 0.452844 0.0510475 0 0 1
0.195216 0.314934 0.162341 0.203035 0.308528 0.0406192 0 0 1
0.181231 0.428546 0.123322 0.130668 0.515109 0.0387104 0 0 1
0.12066 0.349053 0.232683 0.113918 0.589633 0.0320298 0 0 1
0.322627 0.688639 0.291391 0.131686 0.529627 0.0291667 0 0 1
0.0514082 0.256877 0.0919993 0.0952249 0.470481 0.0359637 0 0 1
0.0572917 0.241872 0.196886 0.108551 0.668674 0.0406657 0 0 1
0.0921103 0.464273 0.0599606 0.0267444 0.725454 0.0251397 0 0 1
0.286362 0.632369 0.301503 0.126134 0.572427 0.0322858 0 0 1
0.253376 0.456592 0.195722 0.185453 0.499839 0.0296788 0 0 1
0.0900849 0.326009 0.0142295 0.0964279 0.396387 0.0176909 0 0 1
0.195698 0.26706 0.134598 0.228392 0.488225 0.0305168 0 0 1
0.267168 0.460522 0.168069 0.19665 0.554791 0.0381518 0 0 1
0.387153 0.587353 0.299803 0.246067 0.549952 0.0238827 0 0 1
0.288194 0.408181 0.432074 0.243939 0.472524 0.0203212 0 0 1
0.238812 0.528224 0.295328 0.134462 0.509087 0.0198557 0 0 1
0.213927 0.514112 0.198497 0.117805 0.508657 0.0408287 0 0 1
0.146605 0.413183 0.149544 0.105589 0.464459 0.01527 0 0 1
0.138985 0.438192 0.178987 0.0852304 0.548123 0.0221601 0 0 1
0.150656 0.436763 0.0539646 0.0971682 0.519196 0.03054 0 0 1
0.281057 0.482136 0.178987 0.198778 0.492526 0.0340317 0 0 1
0.465664 0.859414 0.122606 0.180548 0.407248 0.0373836 0 0 1
0.23206 0.648625 0.197781 0.0655192 0.625981 0.0391061 0 0 1
0.0385802 0.329939 0.178987 0.044975 0.458114 0.0524209 0 0 1
0.144869 0.426402 0.174244 0.0969832 0.497903 0.00346834 0 0 1
0.207465 0.354234 0.202971 0.194429 0.302936 0.0403399 0 0 1
0.165895 0.250447 0.125917 0.20831 0.459189 0.0391294 0 0 1
0.199749 0.391211 0.214784 0.167777 0.496505 0.0296089 0 0 1
0.164448 0.468203 0.187936 0.0941144 0.588988 0.0189479 0 0 1
0.211806 0.383708 0.192948 0.183324 0.580493 0.0442505 0 0 1
0.465181 0.689532 0.579649 0.267907 0.790192 0.156401 0 1 0
0.612751 0.701143 0.618668 0.403572 0.64394 0.239967 0 1 0
0.177276 0.285459 0.340075 0.201092 0.695021 0.0935056 0 1 0
0.497106 0.498928 0.451316 0.397372 0.481127 0.0884311 0 1 0
0.482253 0.508932 0.617147 0.377938 0.579095 0.0500233 0 1 0
0.557292 0.854591 0.429569 0.270961 0.48317 0.0876397 0 1 0
0.504823 0.513219 0.41167 0.397372 0.521024 0.0894786 0 1 0
0.477431 0.462487 0.44881 0.397372 0.277664 0.18764 0 1 0
0.442998 0.45552 0.331126 0.367944 0.474567 0.0280959 0 1 0
0.312982 0.112362 0.335601 0.42097 0.343693 0.0910615 0 1 0
0.447627 0.427653 0.340075 0.386915 0.528121 0.100489 0 1 0
0.585938 0.705252 0.302398 0.375717 0.699 0.262523 0 1 0
0.567323 0.70686 0.419366 0.357024 0.597699 0.198766 0 1 0
0.283179 0.476063 0.26848 0.204053 0.56533 0.106169 0 1 0
0.444348 0.529296 0.6891 0.33102 0.727605 0.157961 0 1 0
0.425058 0.828332 0.484339 0.157598 0.843639 0.364153 0 1 0
0.584491 0.760807 0.494183 0.345549 0.745564 0.283799 0 1 0
0.314718 0.254019 0.352067 0.349343 0.305624 0.14581 0 1 0
0.397955 0.428546 0.412923 0.338701 0.441338 0.102933 0 1 0
0.208237 0.332976 0.223734 0.206274 0.510055 0.0762104 0 1 0
0.491512 0.661308 0.49651 0.307885 0.452414 0.190456 0 1 0
0.461613 0.494284 0.388223 0.36563 0.53909 0.199302 0 1 0
0.602527 0.636656 0.30034 0.42717 0.555759 0.146345 0 1 0
0.529996 0.559843 0.571774 0.397372 0.879234 0.177537 0 1 0
0.483989 0.874419 0.386612 0.190265 0.582751 0.142435 0 1 0
0.186053 0.294034 0.27743 0.205164 1 0.0730447 0 1 0
0.32446 0.436406 0.4046 0.264113 0.529519 0.0772346 0 1 0
0.180941 0.299571 0.274118 0.19739 0.645231 0.112709 0 1 0
0.293789 0.417113 0.250582 0.244679 0.615227 0.0816574 0 1 0
0.434414 0.543944 0.265796 0.3139 0.535326 0.0892458 0 1 0
0.535397 0.630582 0.39583 0.365908 0.480589 0.0969972 0 1 0
0.432099 0.477135 0.437265 0.346289 0.495752 0.101443 0 1 0
0.570988 0.399964 0.516109 0.519526 0.584364 0.2027 0 1 0
0.30816 0.382101 0.587525 0.276606 0.4679 0.142691 0 1 0
0.656057 0.391747 0.480669 0.605404 0.48188 0.149721 0 1 0
0.302566 0.718114 0.33032 0.0972608 0.762448 0.371997 0 1 0
0.680073 0.46463 0.68203 0.59069 0.544037 0.174907 0 1 0
0.468461 0.469989 0.615178 0.384879 0.422411 0.103282 0 1 0
0.496817 0.517685 0.714963 0.387285 0.569739 0.168226 0 1 0
0.312211 0.365666 0.245839 0.289006 0.488547 0.0964851 0 1 0
0.563657 0.659343 0.460712 0.378031 0.407893 0.0842179 0 1 0
0.518808 0.452304 0.441292 0.442254 0.480804 0.115456 0 1 0
0.426794 0.357628 0.422409 0.403109 0.346919 0.0851955 0 1 0
0.227913 0.232583 0.349025 0.277161 0.438542 0.08473 0 1 0
0.494406 0.642194 0.440576 0.320563 0.520163 0.243529 0 1 0
0.374807 0.610039 0.330678 0.222469 0.500054 0.0420857 0 1 0
0.374807 0.292783 0.391444 0.386915 0.26519 0.141434 0 1 0
0.504244 0.714184 0.557365 0.292708 0.736316 0.205354 0 1 0
0.35706 0.230082 0.438518 0.402277 0.436176 0.12493 0 1 0
0.409529 0.386388 0.438607 0.371645 0.573718 0.117691 0 1 0
0.364101 0.361915 0.430643 0.340737 0.473707 0.12216 0 1 0
0.567612 0.645945 0.620637 0.388858 0.611141 0.19176 0 1 0
0.153067 0 0.48237 0.325837 0.446392 0.0893855 0 1 0
0.420621 0.461415 0.308752 0.34342 0.284009 0.144856 0 1 0
0.528935 0.775098 0.652944 0.284749 0.76363 0.225628 0 1 0
1 0.26706 0.307679 1 0.404452 1 0 1 0
0.427566 0.340121 0.433327 0.412919 0.474352 0.158194 0 1 0
0.577643 0.809218 0.303114 0.3139 0.559307 0.170042 0 1 0
0.379919 0.548589 0.28441 0.259208 0.713625 0.0638734 0 1 0
0.333719 0.398357 0.261321 0.292708 0.462093 0.0995112 0 1 0
0.275752 0.333155 0.241632 0.270961 0.511453 0.119739 0 1 0
0.556809 0.529296 0.654555 0.438923 0.586837 0.213268 0 1 0
0.520062 0.975706 0.343655 0.172497 0.436929 0.183403 0 1 0
0.381173 0.305288 0.380258 0.386359 0.42026 0.15128 0 1 0
0.468461 0.372812 0.165563 0.435221 0.398968 0.111918 0 1 0
0.211323 0.21865 0.385359 0.268369 0.272717 0.102188 0 1 0
0.429495 0.504645 0.404331 0.329447 0.354124 0.0904795 0 1 0
0.523534 0.420686 0.470199 0.463261 0.498548 0.160242 0 1 0
0.620756 0.622008 0.499463 0.452249 0.331326 0.162663 0 1 0
0.492766 0.416041 0.320208 0.436147 0.436714 0.118366 0 1 0
0.23071 0.279921 0.16261 0.255229 0.318636 0.0880587 0 1 0
0.420814 0.363165 0.393771 0.394503 0.525325 0.0674348 0 1 0
0.419367 0.494284 0.346966 0.325097 0.50242 0.153352 0 1 0
0.536265 0.47642 0.506175 0.446604 0.530702 0.154958 0 1 0
0.251254 0.424437 0.573564 0.200074 0.719325 0.153631 0 1 0
0.491609 0.659164 0.568105 0.309088 0.435853 0.21683 0 1 0
0.59674 0.828689 0.606497 0.322136 0.500269 0.157891 0 1 0
0.55218 0.729904 0.576517 0.330557 0.434348 0.141364 0 1 0
0.442708 0.558235 0.589493 0.314455 0.39886 0.1571 0 1 0
0.568576 0.49339 0.695633 0.468814 0.419185 0.114269 0 1 0
0.418692 0.392104 0.540899 0.377475 0.376277 0.094879 0 1 0
0.611015 0.990532 0.519062 0.25199 0.694161 0.301234 0 1 0
0.570409 0.443551 0.776266 0.496391 0.436391 0.162803 0 1 0
0.332562 0.484995 0.4523 0.246715 0.507044 0.269832 0 1 0
0.326871 0.372633 0.394129 0.299463 0.376922 0.0965317 0 1 0
0.573785 0.8796 0.57947 0.273737 0.37703 0.125582 0 1 0
0.573206 0.661129 0.574817 0.386359 0.481665 0.184916 0 1 0
0.279032 0.0498392 0.375873 0.420785 0.428433 0.0996974 0 1 0
0.382041 0.292605 0.329515 0.393763 0.368964 0.117249 0 1 0
0.512153 0.544659 0.239842 0.388025 0.306915 0.111196 0 1 0
0.530093 0.486602 0.417845 0.435406 0.257447 0.120042 0 1 0
0.211034 0.187924 0.396814 0.284009 0.594365 0.107216 0 1 0
0.359279 0.369239 0.305531 0.332408 0.449941 0.0997207 0 1 0
0.300347 0.387638 0.447467 0.266241 0.501774 0.0963687 0 1 0
0.145062 0.220436 0.258368 0.203776 0.35778 0.0901304 0 1 0
0.392072 0.37692 0.519778 0.3598 0.133133 0.122789 0 1 0
0.514371 0.594498 0.50698 0.364335 0.521669 0.169367 0 1 0
0.174286 0.14398 0.287364 0.271516 0.414561 0.125396 0 1 0
0.297936 0.123258 0.315017 0.400888 0.354554 0.147183 0 1 0
0.36767 0.340479 0.489529 0.355358 0.270674 0.117481 0 1 0
0.635417 0.749196 0.567568 0.400333 0.490805 0.160894 0 1 0
0.396508 0.245445 0.33739 0.432167 0.298097 0.123836 0 1 0
0.887249 0.803859 0.329694 0.613826 0.117647 0.198091 0 1 0
0.865837 0.787245 0.562019 0.601888 0.372298 0.214758 0 1 0
0.268036 0.283315 0.260426 0.289376 0.584149 0.0841248 0 1 0
0.555073 0.4791 0.564793 0.463261 0.595763 0.187011 0 1 0
0.297454 0.239728 0.384911 0.340089 0.429078 0.111429 0 1 0
0.445505 0.410325 0.410507 0.393763 0 0.0538408 0 1 0
0.667728 0.560379 0.726329 0.529243 0.206796 0.159963 0 1 0
0.174576 0.136656 0.214784 0.275588 0.303151 0.0814013 0 1 0
0.372878 0.387996 0.401289 0.335647 0.44736 0.0755819 0 1 0
0.503954 0.36781 0.587883 0.471867 0.372621 0.0545857 0 1 0
0.294367 0.357449 0.266422 0.276143 0.253898 0.0748836 0 1 0
0.23804 0.27885 0.378557 0.262724 0.0959243 0.0793762 0 1 0
0.340085 0.570382 0.224629 0.209698 0.358318 0.0765829 0 1 0
0.293306 0.277063 0.345266 0.316768 0.308635 0.143762 0 1 0
0.39429 0.354234 0.466708 0.373681 0.329498 0.104865 0 1 0
0.527296 0.4607 0.426347 0.446141 0.208517 0.128561 0 1 0
0.525656 0.587531 0.419724 0.378864 0.537907 0.147882 0 1 0
0.41059 1 0.483802 0.0547844 0.590816 0.153049 0 1 0
0.113329 0.197035 0.0958475 0.185545 0.943865 0.10398 0 1 0
0.371046 0.389068 0.479953 0.333426 0.217443 0.0986732 0 1 0
0.475405 0.680422 0.676571 0.282528 0.395204 0.153701 0 1 0
0.432581 0.787245 0.631287 0.186193 0.592322 0.183496 0 1 0
0.52961 0.488567 0.69608 0.433926 0.595225 0.114618 0 1 0
0.630015 0.554841 0.632003 0.495928 0.507904 0.148231 0 1 0
0.529803 0.496785 0.579649 0.429946 0.214969 0.140177 0 1 0
0.330536 0.211147 0.40997 0.386637 0.418862 0.0962058 0 1 0
0.574171 0.807431 0.614641 0.311494 0.545865 0.169972 0 1 0
0.542631 0.64005 0.564256 0.367944 0.505001 0.171858 0 1 0
0.169464 0.292247 0.340075 0.19008 0.197333 0.120903 0 1 0
0.58179 0.836906 0.421872 0.303535 0.293795 0.155517 0 1 0
0.466049 0.711504 0.473778 0.25745 0.821486 0.316667 0 1 0
0.425347 0.301715 0.558171 0.430687 0.528659 0.101792 0 1 0
0.448399 0.455163 0.483265 0.373311 0.50414 0.0848231 0 1 0
0.434896 0.211147 0.644353 0.486767 0.436821 0.114804 0 1 0
0.362847 0.344945 0.459638 0.348325 0.212281 0.156099 0 1 0
0.315201 0.788317 1 0.0729225 0.704915 0.298813 0 1 0
0.469715 0.365488 0.435744 0.440311 0.485321 0.102956 0 1 0
0.474055 0.414791 0.423304 0.418841 0.524788 0.0992551 0 1 0
0.358893 0.474634 0.47879 0.277346 0.655124 0.113175 0 1 0
0.39892 0.711504 0.736352 0.193133 0.81213 0.231285 0 1 0
0.483796 0.866024 0.709504 0.194429 0.668782 0.261359 0 1 0
0.458044 0.290461 0.438518 0.467796 0.308098 0.0885475 0 1 0
0.293113 0.373884 0.27734 0.266426 0.340252 0.0857309 0 1 0
0.520448 0.723294 0.636299 0.303535 0.596946 0.259195 0 1 0
0.668692 0.948553 0.402721 0.329076 0.286052 0.205633 0 1 0
0.462384 0.453198 0.555128 0.387748 0.627272 0.196578 0 1 0
0.593461 0.480886 0.714337 0.499167 0.546941 0.204353 0 1 0
0.213252 0.410325 0.199839 0.170924 0.266695 0.0917132 0 1 0
0.119213 0.419971 0.188921 0.0756061 0.618884 0.0443436 1 0 0
0.277488 0.455877 0.336495 0.208958 0.599742 0.0304004 1 0 0
0.175637 0.276885 0.294434 0.204053 0.635982 0.0373603 1 0 0
0.213831 0.428725 0.304278 0.161947 0.633401 0.0236266 1 0 0
0.188561 0.307431 0.255772 0.200537 0.646306 0.0178538 1 0 0
0.0442708 0.355484 0.195991 0.0372016 0.777826 0.0210661 1 0 0
0.238812 0.236334 0.151244 0.285675 0.516937 0.0232775 1 0 0
0.115548 0.234191 0.326204 0.168425 0.667061 0.0405028 1 0 0
0.24566 0.402287 0.187936 0.206274 0.637811 0.0280959 1 0 0
0.368056 0.587353 0.330768 0.227744 0.388214 0.0330074 1 0 0
0.17689 0.506252 0.156345 0.0863409 0.469943 0.0250931 1 0 0
0.277778 0.221865 0.349025 0.330557 0.611786 0.0242784 1 0 0
0.28887 0.351197 0.435296 0.2742 0.49629 0.0983007 1 0 0
0.417149 0.454627 0.554591 0.343605 0.360254 0.0247207 1 0 0
0.614198 0.521436 0.685162 0.498149 0.327132 0.0328212 1 0 0
0.323881 0.254912 0.369966 0.357487 0.592429 0.0332868 1 0 0
0.36468 0.403894 0.439592 0.319545 0.777288 0.0404097 1 0 0
0.341339 0.46856 0.34804 0.26365 0.522744 0.0369646 1 0 0
0.114776 0.265273 0.10954 0.15149 0.577697 0.0347998 1 0 0
0.166763 0.297428 0.197154 0.184805 0.724379 0.0185056 1 0 0
0.380594 0.530368 0.434759 0.269295 0.581245 0.0162477 1 0 0
0.267747 0.34816 0.223734 0.255414 0.517367 0.0375466 1 0 0
0.163677 0.36388 0.235815 0.147418 0.628455 0.0280028 1 0 0
0.140143 0.280457 0.152318 0.168055 0.742445 0.0199022 1 0 0
0.11169 0.284745 0.250582 0.138627 0.706097 0.0575885 1 0 0
0.36439 0.473741 0.234294 0.283083 0.462308 0 1 0 0
0.344039 0.35995 0.447467 0.322506 0.555974 0.0287709 1 0 0
0.347126 0.366381 0.393771 0.322136 0.679643 0.0372905 1 0 0
0.413291 0.354412 0.372024 0.391819 0.607915 0.0509544 1 0 0
0.292245 0.464273 0.264722 0.218675 0.743198 0.0214153 1 0 0
0.149498 0.27492 0.197154 0.1799 0.499839 0.011662 1 0 0
0.244792 0.358521 0.187936 0.228021 0.609098 0.0581704 1 0 0
0.124807 0.21597 0.115715 0.186748 0.661361 0.0239758 1 0 0
0.081983 0.251161 0.259531 0.127429 0.57974 0.0162477 1 0 0
0.35571 0.605395 0.336585 0.206552 0.477793 0.0430633 1 0 0
0.208912 0.307967 0.357974 0.219785 0.594795 0.0248138 1 0 0
0.197627 0.400143 0.232683 0.161114 0.530165 0.0468343 1 0 0
0.228395 0.416041 0.125291 0.182491 0.552317 0.0301909 1 0 0
0.204186 0.270096 0.192948 0.23487 0.543069 0.0295391 1 0 0
0.237269 0.478564 0.205835 0.158708 0.561996 0.0310754 1 0 0
0.0965471 0.102537 0.175676 0.218397 0.708248 0.0208799 1 0 0
0.140818 0.149875 0.322176 0.23635 0.743843 0.0273045 1 0 0
0.161748 0.0125045 0.393771 0.327503 0.554146 0.0179236 1 0 0
0.36304 0.498392 0.465366 0.26911 0.531993 0.0545624 1 0 0
0.451485 0.466774 0.420709 0.370257 0.442521 0.0276304 1 0 0
0.399209 0.378885 0.393771 0.36563 0.575868 0.0861965 1 0 0
0.275849 0.291175 0.304278 0.292708 0.569524 0.0449255 1 0 0
0.231578 0.0639514 0.250582 0.367944 0.663727 0.00644786 1 0 0
0.13696 0.299035 0.214516 0.155284 0.62297 0.0268156 1 0 0
0.3614 0.419436 0.316359 0.308255 0.505538 0.0249069 1 0 0
0.269965 0.330297 0.259531 0.266889 0.560598 0.026094 1 0 0
0.470968 0.38353 0.355558 0.431982 0.382514 0.029446 1 0 0
0.15789 0.373884 0.101307 0.136683 0.632649 0.027514 1 0 0
0.0736883 0.182744 0.102917 0.154914 0.626411 0.0216015 1 0 0
0.273438 0.238835 0.295328 0.317509 0.448543 0.0154795 1 0 0
0.212384 0.288317 0.230088 0.233296 0.704807 0.0382216 1 0 0
0.195023 0.299571 0.256846 0.210901 0.550274 0.0244879 1 0 0
0.25762 0.285102 0.295239 0.278364 0.570061 0.0300745 1 0 0
0.298997 0.411576 0.258099 0.252545 0.470266 0.0374302 1 0 0
0.105999 0.411397 0.0894935 0.0674625 0.590709 0.0429004 1 0 0
0.24267 0.275634 0.384822 0.269017 0.606409 0.0207635 1 0 0
0.15789 0.412469 0.250582 0.116602 0.543607 0.0440875 1 0 0
0.127411 0.242229 0.205835 0.175643 0.513389 0.0301676 1 0 0
0.0938465 0.136835 0.263648 0.198038 0.611249 0.0219507 1 0 0
0.164352 0.295284 0.133703 0.183694 0.574148 0.0297952 1 0 0
0.396798 0.415684 0.331126 0.344253 0.725992 0.0372905 1 0 0
0.242863 0.360486 0.172364 0.22506 0.658458 0.0299115 1 0 0
0.382041 0.352983 0.26848 0.362576 0.637811 0.0211359 1 0 0
0.137539 0.0932476 0.15196 0.262539 0.529734 0.0113827 1 0 0
0.218461 0.438907 0.340075 0.161114 0.742768 0.0500466 1 0 0
0.230903 0.356913 0.183104 0.215528 0.527476 0.0329376 1 0 0
0.367573 0.376027 0.267585 0.336757 0.487257 0.039595 1 0 0
0.265529 0.35727 0.246823 0.248658 0.471341 0.0321229 1 0 0
0.22039 0.351197 0.338912 0.20831 0.605657 0.0270019 1 0 0
0.31848 0.377099 0.261321 0.289006 0.548016 0.0323324 1 0 0
0.401717 0.412647 0.261858 0.350546 0.533498 0.037081 1 0 0
0.343171 0.422651 0.294434 0.289191 0.546725 0.0329376 1 0 0
0.0664545 0.11129 0.0453732 0.185082 0.541026 0.0475093 1 0 0
0.467014 0.397821 0.39932 0.420785 0.380041 0.0271415 1 0 0
0.176312 0.370132 0.163236 0.156302 0.662867 0.017365 1 0 0
0.0990548 0.364952 0.0558439 0.0848603 0.602215 0.0261639 1 0 0
0.240451 0.370847 0.196438 0.217472 0.491666 0.0418296 1 0 0
0.083044 0.163987 0.138715 0.173515 0.613614 0.0246741 1 0 0
0.219425 0.216863 0.371398 0.277161 0.72083 0.0719507 1 0 0
0.193769 0.296713 0.205835 0.210994 0.623508 0.0138734 1 0 0
0.195602 0.235263 0.305173 0.244679 0.648134 0.0314479 1 0 0
0.130305 0.406574 0.202882 0.0932815 0.665018 0.014176 1 0 0
0.187404 0.452126 0.176929 0.124468 0.50242 0.0330307 1 0 0
0.389275 0.490354 0.158672 0.298353 0.632541 0.0292831 1 0 0
0.547454 0.650947 0.396009 0.366833 0.436929 0.0398976 1 0 0
0.236593 0.232404 0.187936 0.28549 0.500161 0.0252561 1 0 0
0.606289 0.582887 0.492393 0.458727 0.445209 0.039851 1 0 0
0.274402 0.500893 0.137462 0.182676 0.518981 0.0223231 1 0 0
0.0793789 0.153805 0.164578 0.175366 0.626089 0.0179004 1 0 0
0.182581 0.336906 0.273671 0.17953 0.836757 0.00493482 1 0 0
0.20978 0.360307 0.196886 0.193596 0.50941 0.015852 1 0 0
0.268036 0.487138 0.136209 0.183694 0.476288 0.0247672 1 0 0
0.340471 0.522329 0.2879 0.23487 0.597806 0.0194367 1 0 0
0.184221 0.27224 0.246823 0.214603 0.521239 0.0262337 1 0 0
0.0741705 0.207574 0.202613 0.142513 0.57931 0.0252793 1 0 0