-----
17 0 11 0 
0 2 26 0 
3 0 25 0 
0 0 0 28 
-----
14 0 14 0 
0 2 26 0 
0 0 28 0 
0 0 2 26 
-----
27 1 0 0 
0 28 0 0 
0 19 9 0 
0 0 28 0 
-----
28 0 0 0 
0 0 27 1 
0 0 28 0 
0 0 4 24 
-----
18 9 1 0 
0 3 25 0 
0 11 17 0 
0 0 0 28 
-----
26 0 2 0 
1 2 25 0 
0 0 28 0 
0 0 0 28 
-----
28 0 0 0 
3 24 1 0 
7 13 8 0 
1 1 1 25 
-----
18 10 0 0 
1 27 0 0 
2 26 0 0 
0 0 0 28 
-----
14 11 1 2 
0 28 0 0 
0 23 4 1 
0 2 13 13 
-----
20 6 2 0 
0 27 1 0 
0 13 15 0 
0 0 0 28 
-----
13 8 7 0 
0 25 3 0 
0 3 25 0 
0 0 28 0 
-----
18 10 0 0 
0 28 0 0 
0 22 6 0 
0 0 0 28 
-----
26 1 1 0 
0 22 5 1 
0 25 3 0 
0 3 0 25 
-----
24 0 4 0 
0 7 21 0 
0 0 28 0 
0 0 0 28 
-----
22 2 4 0 
14 14 0 0 
22 6 0 0 
0 24 0 4 
-----
27 1 0 0 
4 23 1 0 
0 14 14 0 
0 0 7 21 
-----
2 26 0 0 
0 28 0 0 
0 28 0 0 
0 1 0 27 
-----
26 0 2 0 
25 3 0 0 
14 8 6 0 
0 0 1 27 
-----
8 20 0 0 
0 28 0 0 
0 28 0 0 
0 0 0 28 
-----
20 8 0 0 
0 28 0 0 
0 14 12 2 
0 0 1 27 
-----
20 6 0 2 
0 27 0 1 
3 25 0 0 
0 0 0 28 
-----
26 0 2 0 
8 9 10 1 
7 14 7 0 
2 0 3 23 
-----
16 12 0 0 
17 11 0 0 
11 16 1 0 
4 0 0 24 
-----
12 0 16 0 
0 21 7 0 
0 14 14 0 
0 0 0 28 
-----
24 2 2 0 
0 2 21 5 
0 1 20 7 
0 0 0 28 
-----
26 0 2 0 
2 5 21 0 
3 2 23 0 
0 0 0 28 
-----
14 3 10 1 
0 14 14 0 
1 0 27 0 
0 4 0 24 
-----
27 1 0 0 
27 0 1 0 
28 0 0 0 
2 0 1 25 
-----
15 0 13 0 
0 23 5 0 
0 7 21 0 
1 11 0 16 
-----
26 2 0 0 
0 28 0 0 
0 14 14 0 
1 0 0 27 
-----
28 0 0 0 
0 28 0 0 
14 14 0 0 
0 0 0 28 
-----
10 18 0 0 
0 28 0 0 
0 27 1 0 
0 0 0 28 
-----
28 0 0 0 
15 11 0 2 
26 1 1 0 
0 0 0 28 
-----
16 12 0 0 
0 25 3 0 
0 18 10 0 
0 0 0 28 
-----
19 0 9 0 
0 11 17 0 
0 0 28 0 
0 3 2 23 
-----
27 0 1 0 
2 12 14 0 
4 0 24 0 
0 0 0 28 
-----
28 0 0 0 
0 21 7 0 
1 7 20 0 
0 0 0 28 
-----
18 4 6 0 
0 17 11 0 
0 10 18 0 
0 0 0 28 
-----
13 14 0 1 
0 3 0 25 
0 0 0 28 
3 0 0 25 
-----
27 0 1 0 
0 1 27 0 
0 10 18 0 
0 0 0 28 
-----
19 4 5 0 
0 28 0 0 
0 23 5 0 
0 0 0 28 
-----
26 0 2 0 
1 0 16 11 
0 0 11 17 
0 0 0 28 
-----
17 0 11 0 
0 24 0 4 
0 4 11 13 
0 0 1 27 
-----
28 0 0 0 
0 28 0 0 
0 28 0 0 
0 1 5 22 
-----
20 8 0 0 
0 26 2 0 
0 6 22 0 
0 0 0 28 
-----
28 0 0 0 
7 14 7 0 
9 4 15 0 
1 0 0 27 
-----
19 2 7 0 
0 28 0 0 
7 14 7 0 
0 1 2 25 
-----
14 13 1 0 
0 28 0 0 
0 27 1 0 
0 0 0 28 
-----
13 0 15 0 
0 7 21 0 
0 3 19 6 
0 0 0 28 
-----
18 10 0 0 
0 28 0 0 
0 28 0 0 
0 0 0 28 
-----
20 3 5 0 
0 17 11 0 
0 7 21 0 
0 1 0 27 
-----
16 10 2 0 
0 8 20 0 
0 0 24 4 
0 0 0 28 
-----
25 2 1 0 
0 28 0 0 
0 14 14 0 
0 0 0 28 
-----
23 0 5 0 
0 8 20 0 
0 3 25 0 
0 0 0 28 
-----
20 5 3 0 
17 10 1 0 
25 2 1 0 
3 10 0 15 
-----
27 1 0 0 
1 23 3 1 
0 24 4 0 
0 0 1 27 
-----
2 0 26 0 
0 0 28 0 
0 0 28 0 
0 0 0 28 
-----
19 0 9 0 
0 10 18 0 
0 4 24 0 
0 0 1 27 
-----
13 15 0 0 
0 28 0 0 
0 28 0 0 
0 0 0 28 
-----
23 5 0 0 
0 28 0 0 
13 10 0 5 
0 0 0 28 
-----
12 8 0 8 
0 19 8 1 
0 28 0 0 
0 1 4 23 
-----
26 0 2 0 
0 16 11 1 
6 4 18 0 
0 2 0 26 
-----
19 9 0 0 
5 6 2 15 
6 4 9 9 
0 1 0 27 
-----
27 0 1 0 
0 15 13 0 
0 13 15 0 
0 0 0 28 
-----
24 4 0 0 
1 10 0 17 
4 11 1 12 
0 0 0 28 
-----
28 0 0 0 
12 16 0 0 
17 11 0 0 
0 0 0 28 
-----
18 0 9 1 
4 9 15 0 
0 0 25 3 
0 0 3 25 
-----
21 7 0 0 
0 28 0 0 
0 28 0 0 
0 1 0 27 
-----
15 9 4 0 
0 27 1 0 
0 28 0 0 
0 0 0 28 
-----
20 0 8 0 
0 19 9 0 
0 13 15 0 
0 0 0 28 
-----
26 0 2 0 
0 5 23 0 
0 0 28 0 
0 0 0 28 
-----
10 15 3 0 
0 28 0 0 
0 28 0 0 
0 0 0 28 
-----
24 0 4 0 
0 12 16 0 
0 14 14 0 
0 0 0 28 
-----
22 0 4 2 
0 0 27 1 
0 0 28 0 
0 0 0 28 
-----
18 0 10 0 
0 12 16 0 
0 0 28 0 
0 3 0 25 
-----
28 0 0 0 
0 15 12 1 
0 0 27 1 
0 0 0 28 
-----
28 0 0 0 
0 25 3 0 
0 27 1 0 
0 0 0 28 
-----
26 2 0 0 
0 14 11 3 
0 14 12 2 
0 0 0 28 
-----
25 0 0 3 
1 0 0 27 
0 0 0 28 
0 0 0 28 
-----
28 0 0 0 
0 25 3 0 
0 14 10 4 
0 0 0 28 
-----
14 13 1 0 
0 28 0 0 
0 28 0 0 
0 0 0 28 
-----
14 0 14 0 
0 0 23 5 
0 0 15 13 
0 0 0 28 
-----
5 23 0 0 
0 28 0 0 
0 28 0 0 
0 1 0 27 
-----
28 0 0 0 
12 15 1 0 
6 3 19 0 
0 1 3 24 
-----
18 9 1 0 
0 28 0 0 
0 25 3 0 
0 0 2 26 
-----
26 0 2 0 
4 16 0 8 
4 3 14 7 
0 0 0 28 
-----
10 18 0 0 
0 28 0 0 
4 7 17 0 
2 1 0 25 
-----
23 5 0 0 
0 28 0 0 
0 28 0 0 
0 0 0 28 
-----
17 0 11 0 
5 2 18 3 
1 0 14 13 
0 0 1 27 
-----
18 7 3 0 
0 28 0 0 
0 26 2 0 
0 0 1 27 
-----
14 7 7 0 
0 24 4 0 
0 3 25 0 
0 0 0 28 
-----
14 14 0 0 
0 28 0 0 
0 13 15 0 
0 0 0 28 
-----
25 0 3 0 
0 13 15 0 
0 14 14 0 
2 18 0 8 
-----
23 0 5 0 
0 28 0 0 
0 21 7 0 
0 0 0 28 
-----
11 7 10 0 
0 28 0 0 
0 28 0 0 
0 0 0 28 
-----
27 0 1 0 
1 11 16 0 
1 3 24 0 
0 1 0 27 
-----
3 9 11 5 
0 5 0 23 
7 1 2 18 
0 0 0 28 
-----
23 5 0 0 
6 22 0 0 
11 17 0 0 
0 0 1 27 
-----
5 23 0 0 
0 28 0 0 
0 28 0 0 
0 0 0 28 
-----
19 5 4 0 
0 28 0 0 
0 9 19 0 
0 0 3 25 
-----
11 13 0 4 
0 27 1 0 
0 28 0 0 
0 1 0 27 
-----
27 0 1 0 
8 8 10 2 
14 0 14 0 
0 1 0 27 
-----
28 0 0 0 
1 6 0 21 
10 4 0 14 
0 0 0 28 
-----
27 1 0 0 
0 28 0 0 
0 26 2 0 
0 7 0 21 
-----
17 10 0 1 
0 10 0 18 
0 22 0 6 
0 4 0 24 
-----
28 0 0 0 
6 21 1 0 
11 14 3 0 
0 0 0 28 
-----
23 0 5 0 
5 0 23 0 
0 0 28 0 
0 0 0 28 
-----
21 7 0 0 
3 25 0 0 
0 28 0 0 
2 0 0 26 
-----
15 1 12 0 
0 15 13 0 
0 6 22 0 
0 0 0 28 
-----
24 0 4 0 
0 9 19 0 
0 3 25 0 
0 0 0 28 
-----
26 2 0 0 
0 28 0 0 
0 28 0 0 
2 3 1 22 
-----
10 0 18 0 
1 0 27 0 
0 0 28 0 
0 0 0 28 
-----
28 0 0 0 
24 4 0 0 
14 14 0 0 
0 1 0 27 
-----
24 0 4 0 
3 4 21 0 
1 0 27 0 
0 0 0 28 
-----
20 8 0 0 
0 28 0 0 
0 28 0 0 
0 6 0 22 
-----
26 0 2 0 
0 0 28 0 
0 0 28 0 
0 0 0 28 
-----
28 0 0 0 
0 21 7 0 
0 13 15 0 
0 0 0 28 
-----
19 4 5 0 
0 28 0 0 
0 27 1 0 
0 0 0 28 
-----
27 0 0 1 
2 0 0 26 
0 0 0 28 
0 0 0 28 
-----
27 0 1 0 
0 3 25 0 
0 10 18 0 
0 0 0 28 
-----
14 14 0 0 
0 28 0 0 
0 28 0 0 
0 0 0 28 
-----
13 0 15 0 
0 7 20 1 
0 0 26 2 
0 0 0 28 
-----
14 10 4 0 
0 18 10 0 
1 9 18 0 
0 0 1 27 
-----
28 0 0 0 
4 24 0 0 
6 22 0 0 
22 3 0 3 
-----
28 0 0 0 
0 26 2 0 
0 9 19 0 
0 0 0 28 
-----
26 0 2 0 
3 12 13 0 
0 0 28 0 
0 0 0 28 
-----
10 6 12 0 
0 23 5 0 
7 14 7 0 
0 0 0 28 
-----
22 6 0 0 
0 28 0 0 
0 28 0 0 
0 0 0 28 
-----
3 1 0 24 
0 9 4 15 
0 0 2 26 
0 0 0 28 
-----
18 0 10 0 
1 1 26 0 
0 0 28 0 
0 0 2 26 
-----
20 8 0 0 
0 28 0 0 
0 28 0 0 
0 0 0 28 
-----
17 11 0 0 
0 28 0 0 
0 3 25 0 
0 0 0 28 
-----
28 0 0 0 
2 26 0 0 
14 14 0 0 
0 0 0 28 
-----
25 0 3 0 
4 8 16 0 
0 0 28 0 
0 0 0 28 
-----
22 2 4 0 
9 15 4 0 
12 12 4 0 
0 0 0 28 
-----
27 1 0 0 
0 26 1 1 
0 16 11 1 
0 0 0 28 
-----
25 0 0 3 
27 0 0 1 
27 0 1 0 
0 0 0 28 
-----
21 0 7 0 
7 8 13 0 
4 9 15 0 
0 0 0 28 
-----
9 19 0 0 
0 28 0 0 
0 28 0 0 
0 0 1 27 
-----
23 1 4 0 
0 9 19 0 
0 1 27 0 
0 0 0 28 
-----
9 0 1 18 
0 21 5 2 
0 19 3 6 
0 1 0 27 
-----
28 0 0 0 
0 10 12 6 
2 11 15 0 
0 1 1 26 
-----
23 4 1 0 
0 14 2 12 
0 19 5 4 
0 0 0 28 
-----
26 0 2 0 
0 27 1 0 
0 12 16 0 
0 0 10 18 
-----
27 1 0 0 
0 28 0 0 
3 25 0 0 
0 6 0 22 
-----
26 0 2 0 
1 16 7 4 
0 12 15 1 
0 0 0 28 
-----
21 0 7 0 
0 16 12 0 
0 14 14 0 
0 0 1 27 
-----
28 0 0 0 
28 0 0 0 
28 0 0 0 
1 1 0 26 
-----
8 1 19 0 
0 0 28 0 
0 0 28 0 
0 6 0 22 
-----
21 0 7 0 
0 28 0 0 
0 14 14 0 
0 1 0 27 
-----
10 17 1 0 
0 28 0 0 
0 28 0 0 
0 0 0 28 
-----
10 6 12 0 
0 25 3 0 
0 15 13 0 
0 5 0 23 
-----
28 0 0 0 
6 17 5 0 
13 15 0 0 
0 1 0 27 
-----
27 0 1 0 
0 14 14 0 
0 0 28 0 
0 0 1 27 
-----
20 1 7 0 
0 14 13 1 
0 1 26 1 
0 0 0 28 
-----
26 1 1 0 
0 23 4 1 
0 0 27 1 
0 0 0 28 
-----
28 0 0 0 
0 28 0 0 
14 14 0 0 
0 0 0 28 
-----
19 9 0 0 
0 28 0 0 
0 28 0 0 
0 0 0 28 
-----
28 0 0 0 
22 1 5 0 
28 0 0 0 
0 20 8 0 
