Node19 4 11 10
Node20 17 5 10
Node21 0 13 14
Node22 7 13 14
Node24 6 11 10
Node25 22 17 16
Node26 17 19 10
Node29 6 25 14
Node31 8 14 10
Node32 18 18 14
Node36 26 31 10
Node37 9 21 11
Node41 24 25 10
Node43 31 14 16
Node44 22 36 11
Node47 14 32 17
Node50 21 10 12
Node52 9 13 17
Node53 41 31 11
Node57 53 37 14
Node59 57 5 11
Node61 29 44 14
Node63 37 0 15
Node65 50 63 15
Node68 13 65 14
Node75 20 47 17
Node84 68 75 15
Node88 59 52 14
Node90 61 88 12
Node105 90 84 17
Node115 105 43 15
Output 115

