Node31 16 10 12
Node34 15 7 11
Node35 34 2 14
Node37 3 0 10
Node39 31 37 14
Node50 39 7 12
Node52 50 35 12
Node59 10 15 17
Node82 59 52 16
Output 82


Node30 16 2 10
Node37 16 30 10
Node39 17 37 16
Node343 39 15 15
Node490 10 343 17
Output 490


Node21 6 10 15
Node29 12 21 11
Node41 29 8 12
Node55 2 8 12
Node74 41 55 11
Node122 15 74 16
Output 122


Node32 2 15 16
Node45 19 32 15
Node47 10 4 12
Node68 47 2 17
Node468 45 68 14
Output 468


Node21 10 15 17
Node23 8 3 10
Node30 21 23 14
Output 30


