Node21 20 6 16
Node23 14 1 14
Node26 4 2 11
Node29 21 15 11
Node36 4 11 10
Node39 23 26 10
Node42 29 39 15
Node52 3 3 12
Node55 36 6 15
Node79 55 52 12
Node89 79 42 12
Node140 89 8 11
Output 140


Node24 4 19 10
Node33 10 24 11
Node36 8 11 12
Node40 15 10 12
Node42 24 6 11
Node54 14 40 17
Node147 42 54 10
Node155 33 36 10
Node188 155 147 11
Output 188


Node24 7 14 16
Node25 1 24 16
Node27 14 6 17
Node29 8 11 16
Node41 4 15 12
Node53 11 25 10
Node120 8 41 16
Node125 27 25 12
Node152 53 125 16
Node208 120 152 15
Node486 29 208 12
Output 486


Node21 12 15 11
Node24 4 14 12
Node26 2 2 11
Node30 26 15 15
Node45 2 21 12
Node56 30 45 10
Node94 6 5 14
Node106 56 24 10
Node109 106 11 17
Node244 94 109 11
Node256 244 2 12
Node439 256 8 17
Output 439


Node23 15 16 15
Node29 17 13 10
Node30 8 13 10
Node33 3 23 11
Node38 13 33 16
Node39 30 13 10
Node42 23 14 17
Node84 39 11 16
Node113 84 38 16
Node145 113 29 12
Node160 42 145 11
Output 160


