Node36 13 15 12
Node38 18 36 10
Node64 9 38 12
Node120 64 38 16
Output 120


Node23 20 15 12
Node33 10 12 16
Node37 15 3 14
Node47 2 4 16
Node49 20 37 12
Node64 3 47 10
Node82 23 33 14
Node114 3 4 14
Node118 114 64 11
Node248 82 118 14
Node319 248 47 15
Node392 49 319 17
Output 392


Node22 10 7 11
Node28 17 14 15
Node45 22 18 11
Node71 45 2 11
Node210 15 28 14
Node437 71 210 15
Output 437


Node21 9 14 16
Node23 21 6 14
Node25 8 6 14
Node27 15 7 14
Node28 4 15 12
Node29 8 27 14
Node30 5 23 12
Node36 28 1 14
Node37 3 25 12
Node39 36 37 15
Node45 39 15 17
Node50 45 30 11
Node51 15 29 15
Node53 50 16 11
Node100 39 53 14
Node143 100 51 17
Output 143


Node29 12 20 17
Node39 15 29 11
Output 39


