Node26 17 4 14
Node47 7 17 16
Node163 6 26 14
Node167 9 163 15
Node175 47 10 12
Node205 167 175 12
Output 205


Node48 18 9 12
Node57 9 11 15
Node76 7 10 15
Node291 10 76 15
Node297 48 17 10
Node308 297 291 11
Node412 308 57 14
Output 412


Node21 17 15 16
Node24 21 12 11
Node25 24 21 10
Node28 7 25 14
Node31 15 18 11
Node98 31 28 17
Output 98


Node21 18 6 16
Node28 17 7 11
Node39 10 2 16
Node55 21 14 17
Node119 39 28 12
Node162 119 55 14
Output 162


Node22 20 12 12
Node23 10 16 11
Node24 9 20 12
Node30 16 7 17
Node40 20 6 10
Node43 7 24 14
Node52 4 40 12
Node57 14 8 16
Node59 10 0 15
Node78 52 30 12
Node97 57 59 12
Node115 97 18 14
Node135 24 5 17
Node144 135 22 12
Node151 115 43 15
Node196 78 6 10
Node271 144 151 10
Node369 271 196 10
Node508 369 23 12
Output 508


