Node19 11 4 16
Node20 18 4 12
Node21 5 14 10
Node23 19 9 11
Node24 23 7 11
Node25 7 2 12
Node26 1 21 15
Node27 17 13 12
Node31 25 15 16
Node33 13 12 16
Node34 26 20 10
Node35 20 33 12
Node36 27 35 12
Node38 6 6 14
Node40 36 19 12
Node42 35 16 10
Node44 14 11 17
Node45 25 44 15
Node46 9 15 11
Node54 5 21 11
Node55 45 19 14
Node56 46 0 14
Node63 24 16 15
Node64 34 2 11
Node68 55 40 17
Node70 15 13 10
Node71 68 70 12
Node72 64 56 12
Node77 38 34 12
Node80 35 63 12
Node83 26 31 17
Node85 7 80 14
Node91 72 85 14
Node98 42 77 14
Node102 91 54 15
Node109 71 98 15
Node110 109 42 16
Node111 83 102 15
Node112 110 111 15
Output 112
