-----
14 12 2 0 
0 28 0 0 
0 28 0 0 
0 0 0 28 
-----
14 0 14 0 
0 0 27 1 
0 0 28 0 
0 0 2 26 
-----
4 23 1 0 
0 12 16 0 
0 0 28 0 
0 0 1 27 
-----
28 0 0 0 
3 25 0 0 
0 15 13 0 
0 4 0 24 
-----
25 3 0 0 
0 23 5 0 
0 9 19 0 
0 0 0 28 
-----
26 2 0 0 
0 26 2 0 
0 17 11 0 
0 0 0 28 
-----
11 5 12 0 
0 22 6 0 
7 15 6 0 
0 0 0 28 
-----
14 14 0 0 
0 28 0 0 
0 27 1 0 
0 0 0 28 
-----
24 0 4 0 
16 2 10 0 
8 1 9 10 
0 0 0 28 
-----
18 10 0 0 
0 27 1 0 
0 28 0 0 
1 0 0 27 
-----
17 11 0 0 
0 28 0 0 
0 21 7 0 
0 0 0 28 
-----
14 1 13 0 
0 27 1 0 
0 8 20 0 
0 0 0 28 
-----
27 0 1 0 
0 21 7 0 
0 14 14 0 
0 0 1 27 
-----
24 0 3 1 
0 9 19 0 
0 3 25 0 
0 0 0 28 
-----
16 7 5 0 
0 28 0 0 
0 23 5 0 
0 9 0 19 
-----
26 1 1 0 
0 26 1 1 
1 21 5 1 
0 0 0 28 
-----
25 0 2 1 
10 4 7 7 
3 11 14 0 
0 0 0 28 
-----
13 13 1 1 
0 28 0 0 
0 15 13 0 
0 0 0 28 
-----
22 0 6 0 
4 0 24 0 
0 0 28 0 
0 0 0 28 
-----
10 18 0 0 
4 21 3 0 
4 11 13 0 
0 0 0 28 
-----
28 0 0 0 
6 8 11 3 
0 0 23 5 
0 0 0 28 
-----
18 10 0 0 
0 28 0 0 
0 26 2 0 
0 0 1 27 
-----
26 2 0 0 
0 28 0 0 
1 16 11 0 
0 0 0 28 
-----
17 5 6 0 
0 20 8 0 
7 5 16 0 
3 2 0 23 
-----
8 20 0 0 
0 28 0 0 
0 28 0 0 
0 3 0 25 
-----
28 0 0 0 
10 16 2 0 
14 1 0 13 
0 0 0 28 
-----
19 7 2 0 
0 26 2 0 
0 22 6 0 
0 3 0 25 
-----
20 0 8 0 
0 0 28 0 
0 0 28 0 
0 0 0 28 
-----
27 1 0 0 
0 28 0 0 
2 13 13 0 
0 0 0 28 
-----
26 2 0 0 
0 28 0 0 
0 28 0 0 
0 0 0 28 
-----
23 2 2 1 
0 11 16 1 
0 0 25 3 
0 0 0 28 
-----
25 0 3 0 
17 1 10 0 
11 0 17 0 
4 0 0 24 
-----
28 0 0 0 
0 0 28 0 
0 0 27 1 
0 0 2 26 
-----
13 0 15 0 
1 5 22 0 
0 3 25 0 
0 0 0 28 
